----------------------------------------
        2000
   000000000000 7.363685800000e-02
   000000000000 7.621592800000e-02
   000000000000 3.986722000000e-03
----------------------------------------
        4000
   000000000000 4.238291180000e-01
   000000000000 3.547278200000e-01
   000000000000 5.265960000000e-04
----------------------------------------
        6000
   000000000000 1.324969160000e+00
   000000000000 8.698001100000e-01
   000000000000 6.395640000000e-04
----------------------------------------
        8000
   000000000000 3.059564014000e+00
   000000000000 1.630643438000e+00
   000000000000 7.524540000000e-04
----------------------------------------
       10000
   000000000000 6.632960616000e+00
   000000000000 2.707855278000e+00
   000000000000 7.639434000000e-03
----------------------------------------
       12000
   000000000000 1.156376225000e+01
   000000000000 4.082894580000e+00
   000000000000 1.753876000000e-03
----------------------------------------
       14000
   000000000000 1.839983782200e+01
   000000000000 5.823177782000e+00
   000000000000 4.784610000000e-03
----------------------------------------
       16000
   000000000000 2.752262861600e+01
   000000000000 1.043054609400e+01
   000000000000 5.130722000000e-03
----------------------------------------
       18000
   000000000000 4.424817179400e+01
   000000000000 1.254002117800e+01
   000000000000 4.137481600000e-02
----------------------------------------
       20000
   000000000000 5.978463380000e+01
   000000000000 2.242941865600e+01
   000000000000 8.439664400000e-02