----------------------------------------
        2000
6.120360007264e+03 6.989115200000e-02
6.120360007263e+03 7.621253600000e-02
6.120360007264e+03 7.644040000000e-04
----------------------------------------
        4000
1.194166418305e+03 5.435677920000e-01
1.194166418305e+03 4.152000960000e-01
1.194166418305e+03 5.504660000000e-04
----------------------------------------
        6000
-1.214961722882e+04 1.396348382000e+00
-1.214961722882e+04 1.138819888000e+00
-1.214961722882e+04 5.987300000000e-04
----------------------------------------
        8000
2.105266371557e+04 3.402794802000e+00
2.105266371557e+04 1.833423164000e+00
2.105266371557e+04 8.045980000000e-04
----------------------------------------
       10000
2.818268218192e-01 6.014801652000e+00
2.818268218191e-01 3.038230592000e+00
2.818268218188e-01 1.112414000000e-03
----------------------------------------
       12000
9.709053487959e+03 1.056883453400e+01
9.709053487970e+03 4.500242888000e+00
9.709053487959e+03 1.226638000000e-03
----------------------------------------
       14000
8.282762535935e+04 1.604552618800e+01
8.282762535936e+04 6.397889440000e+00
8.282762535935e+04 6.031534000000e-03
----------------------------------------
       16000
-9.953243521382e+03 2.442760674600e+01
-9.953243521385e+03 1.056287851200e+01
-9.953243521381e+03 7.645748000000e-03
----------------------------------------
       18000
7.756575212555e+04 3.215791360600e+01
7.756575212568e+04 1.117442387800e+01
7.756575212555e+04 9.684374000000e-02
----------------------------------------
       20000
8.434369417217e+03 4.395342256000e+01
8.434369417217e+03 1.572679270800e+01
8.434369417216e+03 6.358861400000e-02